con nag
410018232913
910300003890
910300003903
910300003873
910300003881
910100004531
910100004522
419990018554
410018280209


con no of muz
104000020004
101000020004
106000020004
106000120004
102000030004
105999920004
106000030004
105000030004
104000040004
102000040004
105999940004
106000040004
104000050004
103000050004
106999950004
106000050004
104000060004
101000060004
105999960004
106000060004
104000070004
101000070004
105000080004
106000070004
105000090004
106000080004
101000001004
106000090004
102000001004
103000001004
104000001004
106000101004
106000001004
con nag
410018232913
910300003890
910300003903
910300003873
910300003881
910100004531
910100004522
419990018554
410018280209
con auranga
042550
042825
042679
042770
042780
042850
042860
042870
043018
043028
043038
043075
043085
043095
043310
043320
043330
043254
043264
043274
043515
043388
043340
043350
043560
043570
043818
043828
043783
043793
043863
043873
043883
043964
044042
044052
044088
044098
044108
044325
044335
044345
044266





con auranga
042550
042825
042679
042770
042780
042850
042860
042870
043018
043028
043038
043075
043085
043095
043310
043320
043330
043254
043264
043274
043515
043388
043340
043350
043560
043570
043818
043828
043783
043793
043863
043873
043883
043964
044042
044052
044088
044098
044108
044325
044335
044345
044266






